20.00 71.058
20.36 71.058
20.73 71.058
21.11 71.058
21.50 71.058
21.89 71.058
22.29 71.058
22.69 71.058
23.10 71.058
23.52 71.058
23.95 71.058
24.39 71.058
24.83 71.058
25.28 71.058
25.74 71.058
26.21 71.058
26.69 71.058
27.18 71.058
27.67 71.058
28.17 71.058
28.69 71.058
29.21 71.058
29.74 71.058
30.28 71.058
30.83 71.058
31.39 71.058
31.97 71.058
32.55 71.058
33.14 71.058
33.74 71.058
34.36 71.058
34.98 71.058
35.62 71.058
36.27 71.058
36.93 71.058
37.60 71.058
38.28 71.058
38.98 71.058
39.69 71.058
40.41 71.058
41.15 71.058
41.90 71.058
42.66 71.058
43.44 71.058
44.23 71.058
45.03 71.058
45.85 71.058
46.68 71.058
47.53 71.058
48.40 71.058
49.28 71.058
50.18 71.058
51.09 71.058
52.02 71.058
52.97 71.058
53.93 71.058
54.91 71.058
55.91 71.058
56.93 71.058
57.97 71.058
59.02 71.058
60.09 71.058
61.19 71.058
62.30 71.058
63.44 71.058
64.59 71.058
65.77 71.058
66.96 71.058
68.18 71.058
69.42 71.058
70.69 71.058
71.97 71.058
73.28 71.058
74.62 71.058
75.97 71.058
77.36 71.058
78.76 71.058
80.20 71.058
81.66 71.058
83.14 71.058
84.66 71.057
86.20 71.057
87.77 71.057
89.36 71.056
90.99 71.056
92.65 71.055
94.33 71.055
96.05 71.055
97.80 71.056
99.58 71.058
101.39 71.061
103.23 71.066
105.11 71.072
107.03 71.081
108.97 71.091
110.96 71.102
112.98 71.113
115.03 71.124
117.13 71.134
119.26 71.142
121.43 71.149
123.64 71.155
125.89 71.161
128.18 71.167
130.51 71.174
132.89 71.182
135.31 71.192
137.77 71.204
140.28 71.216
142.83 71.229
145.43 71.241
148.07 71.254
150.77 71.267
153.51 71.281
156.31 71.297
159.15 71.313
162.05 71.331
165.00 71.349
168.00 71.368
171.06 71.388
174.17 71.408
177.34 71.429
180.57 71.449
183.86 71.469
187.20 71.489
190.61 71.509
194.08 71.529
197.61 71.549
201.21 71.568
204.87 71.587
208.60 71.607
212.39 71.627
216.26 71.646
220.19 71.665
224.20 71.684
228.28 71.704
232.44 71.724
236.67 71.745
240.97 71.765
245.36 71.786
249.82 71.808
254.37 71.831
259.00 71.854
263.71 71.877
268.51 71.900
273.40 71.924
278.38 71.947
283.44 71.969
288.60 71.991
293.85 72.011
299.20 72.031
304.65 72.049
310.19 72.065
315.84 72.081
321.59 72.096
327.44 72.110
333.40 72.123
339.47 72.135
345.64 72.147
351.93 72.158
358.34 72.170
364.86 72.184
371.50 72.200
378.26 72.219
385.15 72.242
392.16 72.269
399.29 72.301
406.56 72.340
413.96 72.385
421.49 72.436
429.16 72.493
436.97 72.554
444.93 72.619
453.02 72.684
461.27 72.750
469.66 72.815
478.21 72.879
486.91 72.942
495.78 73.002
504.80 73.060
513.99 73.115
523.34 73.169
532.87 73.221
542.56 73.273
552.44 73.325
562.49 73.377
572.73 73.430
583.15 73.483
593.77 73.537
604.57 73.592
615.57 73.646
626.78 73.701
638.18 73.756
649.80 73.812
661.63 73.868
673.67 73.925
685.93 73.982
698.41 74.039
711.12 74.095
724.06 74.151
737.24 74.205
750.66 74.258
764.32 74.309
778.23 74.358
792.39 74.404
806.82 74.446
821.50 74.486
836.45 74.524
851.67 74.561
867.17 74.597
882.96 74.635
899.02 74.674
915.39 74.717
932.05 74.764
949.01 74.815
966.28 74.873
983.87 74.937
1001.77 75.008
1020.00 75.088
1038.57 75.175
1057.47 75.271
1076.71 75.373
1096.31 75.482
1116.26 75.595
1136.58 75.714
1157.26 75.836
1178.32 75.962
1199.77 76.092
1221.60 76.226
1243.84 76.364
1266.47 76.505
1289.52 76.649
1312.99 76.795
1336.89 76.942
1361.22 77.092
1385.99 77.242
1411.22 77.396
1436.90 77.553
1463.05 77.714
1489.68 77.882
1516.79 78.058
1544.40 78.243
1572.50 78.440
1601.12 78.650
1630.26 78.873
1659.93 79.109
1690.14 79.357
1720.90 79.617
1752.22 79.886
1784.11 80.162
1816.58 80.445
1849.64 80.734
1883.30 81.025
1917.58 81.320
1952.48 81.618
1988.01 81.918
2024.19 82.221
2061.03 82.528
2098.54 82.840
2136.73 83.158
2175.62 83.482
2215.22 83.811
2255.53 84.142
2296.58 84.472
2338.38 84.794
2380.94 85.105
2424.27 85.398
2468.39 85.667
2513.31 85.910
2559.05 86.121
2605.63 86.298
2653.05 86.442
2701.33 86.552
2750.50 86.631
2800.55 86.683
2851.52 86.710
2903.42 86.713
2956.26 86.695
3010.06 86.656
3064.85 86.596
3120.62 86.515
3177.42 86.415
3235.25 86.294
3294.13 86.154
3354.08 85.998
3415.12 85.828
3477.27 85.648
3540.56 85.458
3605.00 85.262
3670.60 85.060
3737.41 84.854
3805.43 84.645
3874.68 84.434
3945.20 84.222
4017.00 84.008
4090.11 83.795
4164.55 83.582
4240.34 83.370
4317.51 83.160
4396.09 82.954
4476.10 82.754
4557.56 82.560
4640.50 82.376
4724.96 82.201
4810.95 82.037
4898.51 81.886
4987.66 81.746
5078.43 81.619
5170.86 81.503
5264.97 81.397
5360.79 81.298
5458.35 81.206
5557.69 81.119
5658.84 81.037
5761.82 80.961
5866.69 80.891
5973.46 80.826
6082.17 80.768
6192.87 80.718
6305.57 80.674
6420.33 80.636
6537.18 80.604
6656.15 80.576
6777.29 80.551
6900.63 80.530
7026.22 80.510
7154.10 80.489
7284.30 80.466
7416.87 80.436
7551.85 80.397
7689.29 80.345
7829.23 80.277
7971.72 80.190
8116.80 80.082
8264.53 79.953
8414.94 79.806
8568.09 79.643
8724.02 79.470
8882.79 79.288
9044.46 79.102
9209.06 78.915
9376.66 78.726
9547.31 78.535
9721.07 78.343
9897.99 78.148
10078.13 77.949
10261.55 77.745
10448.30 77.536
10638.45 77.321
10832.07 77.100
11029.21 76.874
11229.94 76.642
11434.32 76.407
11642.41 76.167
11854.30 75.924
12070.04 75.678
12289.71 75.430
12513.38 75.179
12741.12 74.927
12973.00 74.675
13209.10 74.425
13449.50 74.178
13694.28 73.933
13943.51 73.692
14197.27 73.452
14455.66 73.215
14718.74 72.978
14986.62 72.742
15259.37 72.507
15537.08 72.272
15819.85 72.037
16107.76 71.801
16400.92 71.566
16699.41 71.329
17003.33 71.092
17312.78 70.854
17627.86 70.614
17948.68 70.373
18275.34 70.130
18607.94 69.885
18946.60 69.639
19291.42 69.390
19642.52 69.141
20000.00 68.891