20.00 75.000
20.36 75.000
20.73 75.000
21.11 75.000
21.50 75.000
21.89 75.000
22.29 75.000
22.69 75.000
23.10 75.000
23.52 75.000
23.95 75.000
24.39 75.000
24.83 75.000
25.28 75.000
25.74 75.000
26.21 75.000
26.69 75.000
27.18 75.000
27.67 75.000
28.17 75.000
28.69 75.000
29.21 75.000
29.74 75.000
30.28 75.000
30.83 75.000
31.39 75.000
31.97 75.000
32.55 75.000
33.14 75.000
33.74 75.000
34.36 75.000
34.98 75.000
35.62 75.000
36.27 75.000
36.93 75.000
37.60 75.000
38.28 75.000
38.98 75.000
39.69 75.000
40.41 75.000
41.15 75.000
41.90 75.000
42.66 75.000
43.44 75.000
44.23 75.000
45.03 75.000
45.85 75.000
46.68 75.000
47.53 75.000
48.40 75.000
49.28 75.000
50.18 75.000
51.09 75.000
52.02 75.000
52.97 75.000
53.93 75.000
54.91 75.000
55.91 75.000
56.93 75.000
57.97 75.000
59.02 75.000
60.09 75.000
61.19 75.000
62.30 75.000
63.44 75.000
64.59 75.000
65.77 75.000
66.96 75.000
68.18 75.000
69.42 75.000
70.69 75.000
71.97 75.000
73.28 75.000
74.62 75.000
75.97 75.000
77.36 75.000
78.76 75.000
80.20 75.000
81.66 75.000
83.14 75.000
84.66 75.000
86.20 75.000
87.77 75.000
89.36 75.000
90.99 75.000
92.65 75.000
94.33 75.000
96.05 75.000
97.80 75.000
99.58 75.000
101.39 75.000
103.23 75.000
105.11 75.000
107.03 75.000
108.97 75.000
110.96 75.000
112.98 75.000
115.03 75.000
117.13 75.000
119.26 75.000
121.43 75.000
123.64 75.000
125.89 75.000
128.18 75.000
130.51 75.000
132.89 75.000
135.31 75.000
137.77 75.000
140.28 75.000
142.83 75.000
145.43 75.000
148.07 75.000
150.77 75.000
153.51 75.000
156.31 75.000
159.15 75.000
162.05 75.000
165.00 75.000
168.00 75.000
171.06 75.000
174.17 75.000
177.34 75.000
180.57 75.000
183.86 75.000
187.20 75.000
190.61 75.000
194.08 75.000
197.61 75.000
201.21 75.000
204.87 75.000
208.60 75.000
212.39 75.000
216.26 75.000
220.19 75.000
224.20 75.000
228.28 75.000
232.44 75.000
236.67 75.000
240.97 75.000
245.36 75.000
249.82 75.000
254.37 75.000
259.00 75.000
263.71 75.000
268.51 75.000
273.40 75.000
278.38 75.000
283.44 75.000
288.60 75.000
293.85 75.000
299.20 75.000
304.65 75.000
310.19 75.000
315.84 75.000
321.59 75.000
327.44 75.000
333.40 75.000
339.47 75.000
345.64 75.000
351.93 75.000
358.34 75.000
364.86 75.000
371.50 75.000
378.26 75.000
385.15 75.000
392.16 75.000
399.29 75.000
406.56 75.000
413.96 75.000
421.49 75.000
429.16 75.000
436.97 75.000
444.93 75.000
453.02 75.000
461.27 75.000
469.66 75.000
478.21 75.000
486.91 75.000
495.78 75.000
504.80 75.000
513.99 75.000
523.34 75.000
532.87 75.000
542.56 75.000
552.44 75.000
562.49 75.000
572.73 75.000
583.15 75.000
593.77 75.000
604.57 75.000
615.57 75.000
626.78 75.000
638.18 75.000
649.80 75.000
661.63 75.000
673.67 75.000
685.93 75.000
698.41 75.000
711.12 75.000
724.06 75.000
737.24 75.000
750.66 75.000
764.32 75.000
778.23 75.000
792.39 75.000
806.82 75.000
821.50 75.000
836.45 75.000
851.67 75.000
867.17 75.000
882.96 75.000
899.02 75.000
915.39 75.000
932.05 75.000
949.01 75.000
966.28 75.000
983.87 75.000
1001.77 75.000
1020.00 75.000
1038.57 75.000
1057.47 75.000
1076.71 75.000
1096.31 75.000
1116.26 75.000
1136.58 75.000
1157.26 75.000
1178.32 75.000
1199.77 75.000
1221.60 75.000
1243.84 75.000
1266.47 75.000
1289.52 75.000
1312.99 75.000
1336.89 75.000
1361.22 75.000
1385.99 75.000
1411.22 75.000
1436.90 75.000
1463.05 75.000
1489.68 75.000
1516.79 75.000
1544.40 75.000
1572.50 75.000
1601.12 75.000
1630.26 75.000
1659.93 75.000
1690.14 75.000
1720.90 75.000
1752.22 75.000
1784.11 75.000
1816.58 75.000
1849.64 75.000
1883.30 75.000
1917.58 75.000
1952.48 75.000
1988.01 75.000
2024.19 75.000
2061.03 75.000
2098.54 75.000
2136.73 75.000
2175.62 75.000
2215.22 75.000
2255.53 75.000
2296.58 75.000
2338.38 75.000
2380.94 75.000
2424.27 75.000
2468.39 75.000
2513.31 75.000
2559.05 75.000
2605.63 75.000
2653.05 75.000
2701.33 75.000
2750.50 75.000
2800.55 75.000
2851.52 75.000
2903.42 75.000
2956.26 75.000
3010.06 75.000
3064.85 75.000
3120.62 75.000
3177.42 75.000
3235.25 75.000
3294.13 75.000
3354.08 75.000
3415.12 75.000
3477.27 75.000
3540.56 75.000
3605.00 75.000
3670.60 75.000
3737.41 75.000
3805.43 75.000
3874.68 75.000
3945.20 75.000
4017.00 75.000
413.96 75.000
421.49 75.000
429.16 75.000
436.97 75.000
444.93 75.000
453.02 75.000
461.27 75.000
469.66 75.000
478.21 75.000
486.91 75.000
495.78 75.000
504.80 75.000
513.99 75.000
523.34 75.000
532.87 75.000
542.56 75.000
552.44 75.000
562.49 75.000
572.73 75.000
583.15 75.000
593.77 75.000
604.57 75.000
615.57 75.000
626.78 75.000
638.18 75.000
649.80 75.000
661.63 75.000
673.67 75.000
685.93 75.000
698.41 75.000
711.12 75.000
724.06 75.000
737.24 75.000
750.66 75.000
764.32 75.000
778.23 75.000
792.39 75.000
806.82 75.000
821.50 75.000
836.45 75.000
851.67 75.000
867.17 75.000
882.96 75.000
899.02 75.000
915.39 75.000
932.05 75.000
949.01 75.000
966.28 75.000
983.87 75.000
1001.77 75.000
1020.00 75.000
1038.57 75.000
1057.47 75.000
1076.71 75.000
1096.31 75.000
1116.26 75.000
1136.58 75.000
1157.26 75.000
1178.32 75.000
1199.77 75.000
1221.60 75.000
1243.84 75.000
1266.47 75.000
1289.52 75.000
1312.99 75.000
1336.89 75.000
1361.22 75.000
1385.99 75.000
1411.22 75.000
1436.90 75.000
1463.05 75.000
1489.68 75.000
1516.79 75.000
1544.40 75.000
1572.50 75.000
1601.12 75.000
1630.26 75.000
1659.93 75.000
1690.14 75.000
1720.90 75.000
1752.22 75.000
1784.11 75.000
1816.58 75.000
1849.64 75.000
1883.30 75.000
1917.58 75.000
1952.48 75.000
1988.01 75.000
2024.19 75.000
2061.03 75.000
2098.54 75.000
2136.73 75.000
2175.62 75.000
2215.22 75.000
2255.53 75.000
2296.58 75.000
2338.38 75.000
2380.94 75.000
2424.27 75.000
2468.39 75.000
2513.31 75.000
2559.05 75.000
2605.63 75.000
2653.05 75.000
2701.33 75.000
2750.50 75.000
2800.55 75.000
2851.52 75.000
2903.42 75.000
2956.26 75.000
3010.06 75.000
3064.85 75.000
3120.62 75.000
3177.42 75.000
3235.25 75.000
3294.13 75.000
3354.08 75.000
3415.12 75.000
3477.27 75.000
3540.56 75.000
3605.00 75.000
3670.60 75.000
3737.41 75.000
3805.43 75.000
3874.68 75.000
3945.20 75.000
4017.00 75.000
413.96 75.000
421.49 75.000
429.16 75.000
436.97 75.000
444.93 75.000
453.02 75.000
461.27 75.000
469.66 75.000
478.21 75.000
486.91 75.000
495.78 75.000
504.80 75.000
513.99 75.000
523.34 75.000
532.87 75.000
542.56 75.000
552.44 75.000
562.49 75.000
572.73 75.000
583.15 75.000
593.77 75.000
604.57 75.000
615.57 75.000
626.78 75.000
638.18 75.000
649.80 75.000
661.63 75.000
673.67 75.000
685.93 75.000
698.41 75.000
711.12 75.000
724.06 75.000
737.24 75.000
750.66 75.000
764.32 75.000
778.23 75.000
792.39 75.000
806.82 75.000
821.50 75.000
836.45 75.000
851.67 75.000
867.17 75.000
882.96 75.000
899.02 75.000
915.39 75.000
932.05 75.000
949.01 75.000
966.28 75.000
983.87 75.000
1001.77 75.000
1020.00 75.000
1038.57 75.000
1057.47 75.000
1076.71 75.000
1096.31 75.000
1116.26 75.000
1136.58 75.000
1157.26 75.000
1178.32 75.000
1199.77 75.000
1221.60 75.000
1243.84 75.000
1266.47 75.000
1289.52 75.000
1312.99 75.000
1336.89 75.000
1361.22 75.000
1385.99 75.000
1411.22 75.000
1436.90 75.000
1463.05 75.000
1489.68 75.000
1516.79 75.000
1544.40 75.000
1572.50 75.000
1601.12 75.000
1630.26 75.000
1659.93 75.000
1690.14 75.000
1720.90 75.000
1752.22 75.000
1784.11 75.000
1816.58 75.000
1849.64 75.000
1883.30 75.000
1917.58 75.000
1952.48 75.000
1988.01 75.000
2024.19 75.000
2061.03 75.000
2098.54 75.000
2136.73 75.000
2175.62 75.000
2215.22 75.000
2255.53 75.000
2296.58 75.000
2338.38 75.000
2380.94 75.000
2424.27 75.000
2468.39 75.000
2513.31 75.000
2559.05 75.000
2605.63 75.000
2653.05 75.000
2701.33 75.000
2750.50 75.000
2800.55 75.000
2851.52 75.000
2903.42 75.000
2956.26 75.000
3010.06 75.000
3064.85 75.000
3120.62 75.000
3177.42 75.000
3235.25 75.000
3294.13 75.000
3354.08 75.000
3415.12 75.000
3477.27 75.000
3540.56 75.000
3605.00 75.000
3670.60 75.000
3737.41 75.000
3805.43 75.000
3874.68 75.000
3945.20 75.000
4017.00 75.000
413.96 75.000
421.49 75.000
429.16 75.000
436.97 75.000
444.93 75.000
453.02 75.000
461.27 75.000
469.66 75.000
478.21 75.000
486.91 75.000
495.78 75.000
504.80 75.000
513.99 75.000
523.34 75.000
532.87 75.000
542.56 75.000
552.44 75.000
562.49 75.000
572.73 75.000
583.15 75.000
593.77 75.000
604.57 75.000
615.57 75.000
626.78 75.000
638.18 75.000
649.80 75.000
661.63 75.000
673.67 75.000
685.93 75.000
698.41 75.000
711.12 75.000
724.06 75.000
737.24 75.000
750.66 75.000
764.32 75.000
778.23 75.000
792.39 75.000
806.82 75.000
821.50 75.000
836.45 75.000
851.67 75.000
867.17 75.000
882.96 75.000
899.02 75.000
915.39 75.000
932.05 75.000
949.01 75.000
966.28 75.000
983.87 75.000
1001.77 75.000
1020.00 75.000
1038.57 75.000
1057.47 75.000
1076.71 75.000
1096.31 75.000
1116.26 75.000
1136.58 75.000
1157.26 75.000
1178.32 75.000
1199.77 75.000
1221.60 75.000
1243.84 75.000
1266.47 75.000
1289.52 75.000
1312.99 75.000
1336.89 75.000
1361.22 75.000
1385.99 75.000
1411.22 75.000
1436.90 75.000
1463.05 75.000
1489.68 75.000
1516.79 75.000
1544.40 75.000
1572.50 75.000
1601.12 75.000
1630.26 75.000
1659.93 75.000
1690.14 75.000
1720.90 75.000
1752.22 75.000
1784.11 75.000
1816.58 75.000
1849.64 75.000
1883.30 75.000
1917.58 75.000
1952.48 75.000
1988.01 75.000
2024.19 75.000
2061.03 75.000
2098.54 75.000
2136.73 75.000
2175.62 75.000
2215.22 75.000
2255.53 75.000
2296.58 75.000
2338.38 75.000
2380.94 75.000
2424.27 75.000
2468.39 75.000
2513.31 75.000
2559.05 75.000
2605.63 75.000
2653.05 75.000
2701.33 75.000
2750.50 75.000
2800.55 75.000
2851.52 75.000
2903.42 75.000
2956.26 75.000
3010.06 75.000
3064.85 75.000
3120.62 75.000
3177.42 75.000
3235.25 75.000
3294.13 75.000
3354.08 