20.00 82.649
20.36 82.656
20.73 82.664
21.11 82.671
21.50 82.678
21.89 82.685
22.29 82.692
22.69 82.699
23.10 82.705
23.52 82.711
23.95 82.717
24.39 82.722
24.83 82.727
25.28 82.731
25.74 82.734
26.21 82.737
26.69 82.739
27.18 82.741
27.67 82.741
28.17 82.741
28.69 82.739
29.21 82.737
29.74 82.733
30.28 82.728
30.83 82.722
31.39 82.714
31.97 82.705
32.55 82.694
33.14 82.681
33.74 82.666
34.36 82.649
34.98 82.630
35.62 82.608
36.27 82.584
36.93 82.557
37.60 82.528
38.28 82.496
38.98 82.461
39.69 82.423
40.41 82.382
41.15 82.338
41.90 82.291
42.66 82.242
43.44 82.189
44.23 82.133
45.03 82.074
45.85 82.013
46.68 81.949
47.53 81.881
48.40 81.812
49.28 81.740
50.18 81.665
51.09 81.588
52.02 81.510
52.97 81.429
53.93 81.346
54.91 81.261
55.91 81.174
56.93 81.086
57.97 80.995
59.02 80.904
60.09 80.811
61.19 80.716
62.30 80.620
63.44 80.523
64.59 80.425
65.77 80.326
66.96 80.225
68.18 80.124
69.42 80.022
70.69 79.919
71.97 79.816
73.28 79.712
74.62 79.607
75.97 79.502
77.36 79.396
78.76 79.290
80.20 79.183
81.66 79.076
83.14 78.968
84.66 78.860
86.20 78.751
87.77 78.641
89.36 78.531
90.99 78.420
92.65 78.309
94.33 78.197
96.05 78.085
97.80 77.972
99.58 77.859
101.39 77.746
103.23 77.633
105.11 77.519
107.03 77.406
108.97 77.293
110.96 77.180
112.98 77.068
115.03 76.956
117.13 76.844
119.26 76.733
121.43 76.624
123.64 76.515
125.89 76.407
128.18 76.300
130.51 76.195
132.89 76.091
135.31 75.988
137.77 75.887
140.28 75.787
142.83 75.688
145.43 75.590
148.07 75.494
150.77 75.399
153.51 75.304
156.31 75.211
159.15 75.119
162.05 75.027
165.00 74.937
168.00 74.847
171.06 74.759
174.17 74.671
177.34 74.585
180.57 74.501
183.86 74.418
187.20 74.336
190.61 74.257
194.08 74.181
197.61 74.106
201.21 74.035
204.87 73.966
208.60 73.901
212.39 73.838
216.26 73.779
220.19 73.724
224.20 73.672
228.28 73.623
232.44 73.578
236.67 73.537
240.97 73.499
245.36 73.465
249.82 73.435
254.37 73.407
259.00 73.383
263.71 73.362
268.51 73.344
273.40 73.329
278.38 73.317
283.44 73.307
288.60 73.299
293.85 73.293
299.20 73.290
304.65 73.288
310.19 73.289
315.84 73.290
321.59 73.293
327.44 73.297
333.40 73.303
339.47 73.309
345.64 73.317
351.93 73.325
358.34 73.334
364.86 73.344
371.50 73.354
378.26 73.365
385.15 73.377
392.16 73.389
399.29 73.401
406.56 73.414
413.96 73.428
421.49 73.442
429.16 73.456
436.97 73.541
444.93 73.554
453.02 73.571
461.27 73.590
469.66 73.610
478.21 73.628
486.91 73.642
495.78 73.652
504.80 73.660
513.99 73.666
523.34 73.672
532.87 73.680
542.56 73.691
552.44 73.705
562.49 73.724
572.73 73.748
583.15 73.777
593.77 73.809
604.57 73.845
615.57 73.883
626.78 73.924
638.18 73.964
649.80 74.003
661.63 74.037
673.67 74.067
685.93 74.095
698.41 74.121
711.12 74.147
724.06 74.157
737.24 74.193
750.66 74.229
764.32 74.266
778.23 74.305
792.39 74.344
806.82 74.384
821.50 74.425
836.45 74.468
851.67 74.512
867.17 74.558
882.96 74.606
899.02 74.655
915.39 74.707
932.05 74.762
949.01 74.819
966.28 74.878
983.87 74.941
1001.77 75.007
1020.00 75.076
1038.57 75.149
1057.47 75.226
1076.71 75.308
1096.31 75.394
1116.26 75.484
1136.58 75.579
1157.26 75.679
1178.32 75.784
1199.77 75.894
1221.60 76.008
1243.84 76.126
1266.47 76.249
1289.52 76.375
1312.99 76.505
1336.89 76.638
1361.22 76.773
1385.99 76.912
1411.22 77.054
1436.90 77.198
1463.05 77.346
1489.68 77.499
1516.79 77.655
1544.40 77.817
1572.50 77.984
1601.12 78.157
1630.26 78.337
1659.93 78.524
1690.14 78.717
1720.90 78.918
1752.22 79.125
1784.11 79.338
1816.58 79.556
1849.64 79.779
1883.30 80.006
1917.58 80.235
1952.48 80.466
1988.01 80.697
2024.19 80.928
2061.03 81.157
2098.54 81.384
2136.73 81.608
2175.62 81.828
2215.22 82.042
2255.53 82.252
2296.58 82.454
2338.38 82.650
2380.94 82.837
2424.27 83.016
2468.39 83.185
2513.31 83.344
2559.05 83.492
2605.63 83.630
2653.05 83.757
2701.33 83.872
2750.50 83.976
2800.55 84.069
2851.52 84.150
2903.42 84.220
2956.26 84.280
3010.06 84.328
3064.85 84.366
3120.62 84.393
3177.42 84.410
3235.25 84.417
3294.13 84.414
3354.08 84.402
3415.12 84.380
3477.27 84.350
3540.56 84.312
3605.00 84.266
3670.60 84.214
3737.41 84.156
3805.43 84.093
3874.68 84.025
3945.20 83.952
4017.00 83.875
4090.11 83.795
4164.55 83.582
4240.34 83.370
4317.51 83.160
4396.09 82.954
4476.10 82.754
4557.56 82.560
4640.50 82.376
4724.96 82.201
4810.95 82.037
4898.51 81.886
4987.66 81.746
5078.43 81.619
5170.86 81.503
5264.97 81.397
5360.79 81.298
5458.35 81.206
5557.69 81.119
5658.84 81.037
5761.82 80.961
5866.69 80.891
5973.46 80.826
6082.17 80.768
6192.87 80.718
6305.57 80.674
6420.33 80.636
6537.18 80.604
6656.15 80.576
6777.29 80.551
6900.63 80.530
7026.22 80.510
7154.10 80.489
7284.30 80.466
7416.87 80.436
7551.85 80.397
7689.29 80.345
7829.23 80.277
7971.72 80.190
8116.80 80.082
8264.53 79.953
8414.94 79.806
8568.09 79.643
8724.02 79.470
8882.79 79.288
9044.46 79.102
9209.06 78.915
9376.66 78.726
9547.31 78.535
9721.07 78.343
9897.99 78.148
10078.13 77.949
10261.55 77.745
10448.30 77.536
10638.45 77.321
10832.07 77.100
11029.21 76.874
11229.94 76.642
11434.32 76.407
11642.41 76.167
11854.30 75.924
12070.04 75.678
12289.71 75.430
12513.38 75.179
12741.12 74.927
12973.00 74.675
13209.10 74.425
13449.50 74.178
13694.28 73.933
13943.51 73.692
14197.27 73.452
14455.66 73.215
14718.74 72.978
14986.62 72.742
15259.37 72.507
15537.08 72.272
15819.85 72.037
16107.76 71.801
16400.92 71.566
16699.41 71.329
17003.33 71.092
17312.78 70.854
17627.86 70.614
17948.68 70.373
18275.34 70.130
18607.94 69.885
18946.60 69.639
19291.42 69.390
19642.52 69.141
20000.00 68.891