20.00 78.964
20.36 78.969
20.73 78.975
21.11 78.980
21.50 78.985
21.89 78.990
22.29 78.994
22.69 78.998
23.10 79.001
23.52 79.004
23.95 79.005
24.39 79.006
24.83 79.006
25.28 79.005
25.74 79.003
26.21 79.000
26.69 78.996
27.18 78.992
27.67 78.986
28.17 78.980
28.69 78.972
29.21 78.964
29.74 78.955
30.28 78.945
30.83 78.934
31.39 78.923
31.97 78.911
32.55 78.898
33.14 78.884
33.74 78.870
34.36 78.854
34.98 78.838
35.62 78.822
36.27 78.804
36.93 78.786
37.60 78.766
38.28 78.746
38.98 78.725
39.69 78.703
40.41 78.680
41.15 78.655
41.90 78.630
42.66 78.603
43.44 78.575
44.23 78.546
45.03 78.516
45.85 78.485
46.68 78.452
47.53 78.418
48.40 78.383
49.28 78.346
50.18 78.309
51.09 78.270
52.02 78.230
52.97 78.189
53.93 78.147
54.91 78.104
55.91 78.060
56.93 78.015
57.97 77.969
59.02 77.923
60.09 77.875
61.19 77.826
62.30 77.776
63.44 77.725
64.59 77.674
65.77 77.621
66.96 77.567
68.18 77.513
69.42 77.457
70.69 77.400
71.97 77.342
73.28 77.283
74.62 77.223
75.97 77.161
77.36 77.099
78.76 77.034
80.20 76.969
81.66 76.901
83.14 76.833
84.66 76.762
86.20 76.690
87.77 76.616
89.36 76.541
90.99 76.464
92.65 76.385
94.33 76.304
96.05 76.222
97.80 76.138
99.58 76.053
101.39 75.966
103.23 75.878
105.11 75.790
107.03 75.700
108.97 75.609
110.96 75.518
112.98 75.427
115.03 75.335
117.13 75.244
119.26 75.152
121.43 75.062
123.64 74.972
125.89 74.882
128.18 74.794
130.51 74.706
132.89 74.620
135.31 74.535
137.77 74.452
140.28 74.369
142.83 74.288
145.43 74.208
148.07 74.130
150.77 74.053
153.51 73.977
156.31 73.902
159.15 73.828
162.05 73.756
165.00 73.685
168.00 73.616
171.06 73.549
174.17 73.483
177.34 73.420
180.57 73.360
183.86 73.302
187.20 73.247
190.61 73.196
194.08 73.149
197.61 73.105
201.21 73.067
204.87 73.032
208.60 73.003
212.39 72.979
216.26 72.960
220.19 72.946
224.20 72.937
228.28 72.934
232.44 72.935
236.67 72.942
240.97 72.952
245.36 72.968
249.82 72.987
254.37 73.010
259.00 73.036
263.71 73.065
268.51 73.097
273.40 73.132
278.38 73.168
283.44 73.205
288.60 73.244
293.85 73.283
299.20 73.323
304.65 73.364
310.19 73.404
315.84 73.443
321.59 73.482
327.44 73.520
333.40 73.558
339.47 73.593
345.64 73.628
351.93 73.661
358.34 73.692
364.86 73.722
371.50 73.751
378.26 73.778
385.15 73.805
392.16 73.830
399.29 73.854
406.56 73.877
413.96 73.900
421.49 73.923
429.16 73.946
436.97 73.969
444.93 73.993
453.02 74.017
461.27 74.041
469.66 74.067
478.21 74.093
486.91 74.119
495.78 74.147
504.80 74.175
513.99 74.204
523.34 74.234
532.87 74.263
542.56 74.293
552.44 74.324
562.49 74.354
572.73 74.384
583.15 74.415
593.77 74.444
604.57 74.474
615.57 74.503
626.78 74.531
638.18 74.559
649.80 74.585
661.63 74.611
673.67 74.635
685.93 74.658
698.41 74.680
711.12 74.701
724.06 74.720
737.24 74.738
750.66 74.754
764.32 74.769
778.23 74.783
792.39 74.796
806.82 74.808
821.50 74.819
836.45 74.830
851.67 74.841
867.17 74.852
882.96 74.863
899.02 74.876
915.39 74.891
932.05 74.907
949.01 74.926
966.28 74.948
983.87 74.974
1001.77 75.003
1020.00 75.038
1038.57 75.077
1057.47 75.122
1076.71 75.172
1096.31 75.229
1116.26 75.291
1136.58 75.360
1157.26 75.435
1178.32 75.517
1199.77 75.604
1221.60 75.698
1243.84 75.797
1266.47 75.901
1289.52 76.011
1312.99 76.125
1336.89 76.244
1361.22 76.367
1385.99 76.495
1411.22 76.626
1436.90 76.763
1463.05 76.904
1489.68 77.050
1516.79 77.202
1544.40 77.360
1572.50 77.524
1601.12 77.695
1630.26 77.873
1659.93 78.057
1690.14 78.249
1720.90 78.446
1752.22 78.649
1784.11 78.858
1816.58 79.070
1849.64 79.285
1883.30 79.501
1917.58 79.718
1952.48 79.935
1988.01 80.149
2024.19 80.360
2061.03 80.567
2098.54 80.770
2136.73 80.967
2175.62 81.158
2215.22 81.343
2255.53 81.521
2296.58 81.692
2338.38 81.855
2380.94 82.011
2424.27 82.159
2468.39 82.298
2513.31 82.430
2559.05 82.554
2605.63 82.670
2653.05 82.778
2701.33 82.879
2750.50 82.974
2800.55 83.061
2851.52 83.142
2903.42 83.217
2956.26 83.285
3010.06 83.346
3064.85 83.401
3120.62 83.449
3177.42 83.490
3235.25 83.522
3294.13 83.546
3354.08 83.560
3415.12 83.565
3477.27 83.560
3540.56 83.545
3605.00 83.519
3670.60 83.483
3737.41 83.437
3805.43 83.379
3874.68 83.312
3945.20 83.234
4017.00 83.146
4090.11 83.048
4164.55 82.940
4240.34 82.822
4317.51 82.696
4396.09 82.562
4476.10 82.421
4557.56 82.274
4640.50 82.122
4724.96 81.968
4810.95 81.812
4898.51 81.656
4987.66 81.501
5078.43 81.349
5170.86 81.200
5264.97 81.055
5360.79 80.914
5458.35 80.776
5557.69 80.641
5658.84 80.616
5761.82 80.598
5866.69 80.583
5973.46 80.574
6082.17 80.572
6192.87 80.576
6305.57 80.584
6420.33 80.595
6537.18 80.605
6656.15 80.615
6777.29 80.626
6900.63 80.637
7026.22 80.652
7154.10 80.667
7284.30 80.685
7416.87 80.702
7551.85 80.714
7689.29 80.716
7829.23 80.696
7971.72 80.644
8116.80 80.555
8264.53 80.432
8414.94 80.285
8568.09 80.118
8724.02 79.943
8882.79 79.766
9044.46 79.593
9209.06 79.424
9376.66 79.258
9547.31 79.094
9721.07 78.929
9897.99 78.759
10078.13 78.583
10261.55 78.397
10448.30 78.201
10638.45 77.994
10832.07 77.777
11029.21 77.556
11229.94 77.331
11434.32 77.102
11642.41 76.871
11854.30 76.637
12070.04 76.400
12289.71 76.157
12513.38 75.908
12741.12 75.657
12973.00 75.407
13209.10 75.162
13449.50 74.922
13694.28 74.687
13943.51 74.454
14197.27 74.223
14455.66 73.992
14718.74 73.763
14986.62 73.531
15259.37 73.299
15537.08 73.067
15819.85 72.833
16107.76 72.601
16400.92 72.367
16699.41 72.134
17003.33 71.901
17312.78 71.668
17627.86 71.435
17948.68 71.200
18275.34 70.963
18607.94 70.722
18946.60 70.474
19291.42 70.219
19642.52 69.959
20000.00 69.695