20.00 84.736
20.36 84.724
20.73 84.712
21.11 84.699
21.50 84.687
21.89 84.674
22.29 84.662
22.69 84.649
23.10 84.635
23.52 84.622
23.95 84.608
24.39 84.593
24.83 84.579
25.28 84.563
25.74 84.548
26.21 84.532
26.69 84.515
27.18 84.498
27.67 84.480
28.17 84.461
28.69 84.442
29.21 84.423
29.74 84.403
30.28 84.382
30.83 84.360
31.39 84.338
31.97 84.315
32.55 84.292
33.14 84.268
33.74 84.243
34.36 84.217
34.98 84.191
35.62 84.164
36.27 84.136
36.93 84.107
37.60 84.078
38.28 84.047
38.98 84.016
39.69 83.984
40.41 83.951
41.15 83.918
41.90 83.883
42.66 83.848
43.44 83.811
44.23 83.774
45.03 83.736
45.85 83.696
46.68 83.656
47.53 83.615
48.40 83.573
49.28 83.530
50.18 83.486
51.09 83.441
52.02 83.395
52.97 83.347
53.93 83.299
54.91 83.250
55.91 83.200
56.93 83.149
57.97 83.096
59.02 83.043
60.09 82.988
61.19 82.933
62.30 82.877
63.44 82.819
64.59 82.760
65.77 82.701
66.96 82.640
68.18 82.578
69.42 82.516
70.69 82.452
71.97 82.387
73.28 82.321
74.62 82.254
75.97 82.187
77.36 82.118
78.76 82.048
80.20 81.977
81.66 81.905
83.14 81.833
84.66 81.759
86.20 81.685
87.77 81.610
89.36 81.534
90.99 81.458
92.65 81.381
94.33 81.304
96.05 81.227
97.80 81.149
99.58 81.072
101.39 80.995
103.23 80.919
105.11 80.842
107.03 80.767
108.97 80.692
110.96 80.616
112.98 80.541
115.03 80.465
117.13 80.388
119.26 80.310
121.43 80.232
123.64 80.153
125.89 80.073
128.18 79.993
130.51 79.914
132.89 79.835
135.31 79.756
137.77 79.678
140.28 79.601
142.83 79.524
145.43 79.447
148.07 79.370
150.77 79.294
153.51 79.219
156.31 79.144
159.15 79.071
162.05 78.997
165.00 78.925
168.00 78.852
171.06 78.780
174.17 78.709
177.34 78.637
180.57 78.566
183.86 78.494
187.20 78.423
190.61 78.352
194.08 78.280
197.61 78.209
201.21 78.137
204.87 78.065
208.60 77.994
212.39 77.922
216.26 77.850
220.19 77.779
224.20 77.707
228.28 77.636
232.44 77.565
236.67 77.495
240.97 77.425
245.36 77.355
249.82 77.286
254.37 77.218
259.00 77.150
263.71 77.082
268.51 77.015
273.40 76.948
278.38 76.880
283.44 76.813
288.60 76.744
293.85 76.675
299.20 76.605
304.65 76.534
310.19 76.462
315.84 76.389
321.59 76.315
327.44 76.240
333.40 76.165
339.47 76.089
345.64 76.013
351.93 75.937
358.34 75.863
364.86 75.790
371.50 75.720
378.26 75.653
385.15 75.591
392.16 75.533
399.29 75.481
406.56 75.436
413.96 75.398
421.49 75.366
429.16 75.341
436.97 75.321
444.93 75.304
453.02 75.290
461.27 75.276
469.66 75.263
478.21 75.249
486.91 75.234
495.78 75.217
504.80 75.198
513.99 75.178
523.34 75.157
532.87 75.135
542.56 75.114
552.44 75.094
562.49 75.075
572.73 75.059
583.15 75.044
593.77 75.030
604.57 75.018
615.57 75.007
626.78 74.997
638.18 74.988
649.80 74.981
661.63 74.976
673.67 74.973
685.93 74.971
698.41 74.971
711.12 74.971
724.06 74.972
737.24 74.973
750.66 74.974
764.32 74.974
778.23 74.973
792.39 74.970
806.82 74.964
821.50 74.956
836.45 74.946
851.67 74.935
867.17 74.925
882.96 74.917
899.02 74.912
915.39 74.912
932.05 74.917
949.01 74.927
966.28 74.944
983.87 74.969
1001.77 75.004
1020.00 75.049
1038.57 75.103
1057.47 75.168
1076.71 75.240
1096.31 75.319
1116.26 75.402
1136.58 75.489
1157.26 75.579
1178.32 75.673
1199.77 75.771
1221.60 75.874
1243.84 75.983
1266.47 76.097
1289.52 76.215
1312.99 76.336
1336.89 76.456
1361.22 76.577
1385.99 76.696
1411.22 76.816
1436.90 76.935
1463.05 77.057
1489.68 77.182
1516.79 77.312
1544.40 77.453
1572.50 77.605
1601.12 77.773
1630.26 77.956
1659.93 78.153
1690.14 78.363
1720.90 78.583
1752.22 78.811
1784.11 79.043
1816.58 79.278
1849.64 79.513
1883.30 79.747
1917.58 79.977
1952.48 80.201
1988.01 80.419
2024.19 80.631
2061.03 80.840
2098.54 81.049
2136.73 81.265
2175.62 81.492
2215.22 81.732
2255.53 81.981
2296.58 82.235
2338.38 82.486
2380.94 82.726
2424.27 82.949
2468.39 83.147
2513.31 83.315
2559.05 83.446
2605.63 83.537
2653.05 83.588
2701.33 83.609
2750.50 83.612
2800.55 83.606
2851.52 83.600
2903.42 83.598
2956.26 83.603
3010.06 83.614
3064.85 83.626
3120.62 83.635
3177.42 83.635
3235.25 83.621
3294.13 83.593
3354.08 83.554
3415.12 83.514
3477.27 83.478
3540.56 83.448
3605.00 83.423
3670.60 83.400
3737.41 83.376
3805.43 83.349
3874.68 83.321
3945.20 83.291
4017.00 83.259
4090.11 83.223
4164.55 83.183
4240.34 83.137
4317.51 83.085
4396.09 83.028
4476.10 82.973
4557.56 82.923
4640.50 82.877
4724.96 82.835
4810.95 82.797
4898.51 82.770
4987.66 82.760
5078.43 82.769
5170.86 82.793
5264.97 82.821
5360.79 82.848
5458.35 82.870
5557.69 82.887
5658.84 82.899
5761.82 82.909
5866.69 82.921
5973.46 82.938
6082.17 82.964
6192.87 83.003
6305.57 83.053
6420.33 83.107
6537.18 83.155
6656.15 83.198
6777.29 83.237
6900.63 83.279
7026.22 83.329
7154.10 83.385
7284.30 83.440
7416.87 83.490
7551.85 83.536
7689.29 83.582
7829.23 83.616
7971.72 83.619
8116.80 83.571
8264.53 83.471
8414.94 83.335
8568.09 83.182
8724.02 83.024
8882.79 82.868
9044.46 82.724
9209.06 82.596
9376.66 82.477
9547.31 82.356
9721.07 82.227
9897.99 82.087
10078.13 81.939
10261.55 81.784
10448.30 81.620
10638.45 81.442
10832.07 81.251
11029.21 81.052
11229.94 80.850
11434.32 80.648
11642.41 80.446
11854.30 80.245
12070.04 80.042
12289.71 79.832
12513.38 79.609
12741.12 79.371
12973.00 79.126
13209.10 78.887
13449.50 78.664
13694.28 78.460
13943.51 78.261
14197.27 78.058
14455.66 77.848
14718.74 77.634
14986.62 77.419
15259.37 77.203
15537.08 76.986
15819.85 76.769
16107.76 76.551
16400.92 76.333
16699.41 76.113
17003.33 75.893
17312.78 75.672
17627.86 75.451
17948.68 75.230
18275.34 75.007
18607.94 74.775
18946.60 74.529
19291.42 74.275
19642.52 74.036
20000.00 73.830