20.00 82.754
20.36 82.754
20.73 82.755
21.11 82.755
21.50 82.755
21.89 82.756
22.29 82.756
22.69 82.757
23.10 82.758
23.52 82.759
23.95 82.760
24.39 82.761
24.83 82.762
25.28 82.762
25.74 82.763
26.21 82.763
26.69 82.763
27.18 82.762
27.67 82.761
28.17 82.760
28.69 82.758
29.21 82.756
29.74 82.753
30.28 82.750
30.83 82.746
31.39 82.741
31.97 82.736
32.55 82.731
33.14 82.725
33.74 82.719
34.36 82.712
34.98 82.702
35.62 82.689
36.27 82.670
36.93 82.647
37.60 82.620
38.28 82.591
38.98 82.563
39.69 82.533
40.41 82.502
41.15 82.469
41.90 82.433
42.66 82.394
43.44 82.348
44.23 82.294
45.03 82.231
45.85 82.160
46.68 82.081
47.53 81.996
48.40 81.908
49.28 81.819
50.18 81.732
51.09 81.649
52.02 81.570
52.97 81.493
53.93 81.417
54.91 81.341
55.91 81.262
56.93 81.180
57.97 81.094
59.02 81.004
60.09 80.911
61.19 80.817
62.30 80.721
63.44 80.623
64.59 80.521
65.77 80.414
66.96 80.305
68.18 80.196
69.42 80.091
70.69 79.989
71.97 79.890
73.28 79.791
74.62 79.691
75.97 79.591
77.36 79.488
78.76 79.383
80.20 79.275
81.66 79.165
83.14 79.055
84.66 78.946
86.20 78.836
87.77 78.727
89.36 78.618
90.99 78.508
92.65 78.397
94.33 78.286
96.05 78.172
97.80 78.058
99.58 77.942
101.39 77.825
103.23 77.709
105.11 77.592
107.03 77.477
108.97 77.364
110.96 77.253
112.98 77.142
115.03 77.031
117.13 76.917
119.26 76.803
121.43 76.691
123.64 76.583
125.89 76.483
128.18 76.389
130.51 76.297
132.89 76.207
135.31 76.116
137.77 76.024
140.28 75.929
142.83 75.833
145.43 75.734
148.07 75.632
150.77 75.528
153.51 75.423
156.31 75.319
159.15 75.219
162.05 75.123
165.00 75.030
168.00 74.941
171.06 74.854
174.17 74.769
177.34 74.686
180.57 74.603
183.86 74.521
187.20 74.438
190.61 74.355
194.08 74.271
197.61 74.188
201.21 74.107
204.87 74.028
208.60 73.951
212.39 73.875
216.26 73.801
220.19 73.730
224.20 73.667
228.28 73.618
232.44 73.581
236.67 73.555
240.97 73.537
245.36 73.524
249.82 73.514
254.37 73.506
259.00 73.496
263.71 73.484
268.51 73.471
273.40 73.456
278.38 73.440
283.44 73.423
288.60 73.407
293.85 73.390
299.20 73.374
304.65 73.359
310.19 73.345
315.84 73.333
321.59 73.324
327.44 73.321
333.40 73.324
339.47 73.335
345.64 73.355
351.93 73.381
358.34 73.409
364.86 73.439
371.50 73.466
378.26 73.488
385.15 73.504
392.16 73.514
399.29 73.521
406.56 73.525
413.96 73.527
421.49 73.529
429.16 73.533
436.97 73.541
444.93 73.554
453.02 73.571
461.27 73.590
469.66 73.610
478.21 73.628
486.91 73.642
495.78 73.652
504.80 73.660
513.99 73.666
523.34 73.672
532.87 73.680
542.56 73.691
552.44 73.705
562.49 73.724
572.73 73.748
583.15 73.777
593.77 73.809
604.57 73.845
615.57 73.883
626.78 73.924
638.18 73.964
649.80 74.003
661.63 74.037
673.67 74.067
685.93 74.095
698.41 74.121
711.12 74.147
724.06 74.174
737.24 74.202
750.66 74.232
764.32 74.264
778.23 74.298
792.39 74.332
806.82 74.365
821.50 74.400
836.45 74.436
851.67 74.474
867.17 74.516
882.96 74.563
899.02 74.614
915.39 74.671
932.05 74.732
949.01 74.797
966.28 74.865
983.87 74.935
1001.77 75.007
1020.00 75.079
1038.57 75.152
1057.47 75.227
1076.71 75.307
1096.31 75.393
1116.26 75.487
1136.58 75.586
1157.26 75.689
1178.32 75.797
1199.77 75.908
1221.60 76.022
1243.84 76.139
1266.47 76.260
1289.52 76.385
1312.99 76.514
1336.89 76.649
1361.22 76.790
1385.99 76.935
1411.22 77.087
1436.90 77.244
1463.05 77.402
1489.68 77.559
1516.79 77.712
1544.40 77.863
1572.50 78.014
1601.12 78.167
1630.26 78.324
1659.93 78.490
1690.14 78.666
1720.90 78.856
1752.22 79.059
1784.11 79.276
1816.58 79.505
1849.64 79.744
1883.30 79.988
1917.58 80.236
1952.48 80.483
1988.01 80.726
2024.19 80.967
2061.03 81.205
2098.54 81.441
2136.73 81.675
2175.62 81.908
2215.22 82.138
2255.53 82.364
2296.58 82.580
2338.38 82.780
2380.94 82.966
2424.27 83.141
2468.39 83.310
2513.31 83.473
2559.05 83.631
2605.63 83.779
2653.05 83.915
2701.33 84.038
2750.50 84.149
2800.55 84.247
2851.52 84.334
2903.42 84.410
2956.26 84.475
3010.06 84.532
3064.85 84.581
3120.62 84.619
3177.42 84.645
3235.25 84.660
3294.13 84.662
3354.08 84.654
3415.12 84.637
3477.27 84.610
3540.56 84.575
3605.00 84.529
3670.60 84.473
3737.41 84.410
3805.43 84.342
3874.68 84.274
3945.20 84.207
4017.00 84.140
4090.11 84.072
4164.55 84.001
4240.34 83.927
4317.51 83.852
4396.09 83.775
4476.10 83.697
4557.56 83.618
4640.50 83.536
4724.96 83.450
4810.95 83.361
4898.51 83.271
4987.66 83.182
5078.43 83.097
5170.86 83.015
5264.97 82.937
5360.79 82.864
5458.35 82.795
5557.69 82.731
5658.84 82.670
5761.82 82.610
5866.69 82.548
5973.46 82.478
6082.17 82.401
6192.87 82.315
6305.57 82.223
6420.33 82.122
6537.18 82.011
6656.15 81.889
6777.29 81.754
6900.63 81.607
7026.22 81.450
7154.10 81.285
7284.30 81.115
7416.87 80.939
7551.85 80.758
7689.29 80.573
7829.23 80.381
7971.72 80.181
8116.80 79.970
8264.53 79.744
8414.94 79.504
8568.09 79.251
8724.02 78.986
8882.79 78.715
9044.46 78.444
9209.06 78.175
9376.66 77.913
9547.31 77.658
9721.07 77.413
9897.99 77.181
10078.13 76.963
10261.55 76.760
10448.30 76.567
10638.45 76.381
10832.07 76.202
11029.21 76.032
11229.94 75.870
11434.32 75.722
11642.41 75.594
11854.30 75.493
12070.04 75.424
12289.71 75.391
12513.38 75.397
12741.12 75.443
12973.00 75.528
13209.10 75.650
13449.50 75.804
13694.28 75.985
13943.51 76.181
14197.27 76.380
14455.66 76.567
14718.74 76.723
14986.62 76.824
15259.37 76.846
15537.08 76.765
15819.85 76.557
16107.76 76.196
16400.92 75.664
16699.41 74.955
17003.33 74.069
17312.78 73.022
17627.86 71.842
17948.68 70.566
18275.34 69.231
18607.94 67.864
18946.60 66.480
19291.42 65.085
19642.52 63.676
20000.00 62.254