20.00 83.153
20.36 83.149
20.73 83.144
21.11 83.140
21.50 83.136
21.89 83.132
22.29 83.127
22.69 83.122
23.10 83.117
23.52 83.112
23.95 83.106
24.39 83.101
24.83 83.095
25.28 83.089
25.74 83.082
26.21 83.076
26.69 83.069
27.18 83.062
27.67 83.054
28.17 83.046
28.69 83.038
29.21 83.030
29.74 83.021
30.28 83.012
30.83 83.002
31.39 82.992
31.97 82.982
32.55 82.971
33.14 82.960
33.74 82.948
34.36 82.936
34.98 82.923
35.62 82.910
36.27 82.896
36.93 82.881
37.60 82.866
38.28 82.851
38.98 82.834
39.69 82.817
40.41 82.800
41.15 82.781
41.90 82.762
42.66 82.742
43.44 82.721
44.23 82.699
45.03 82.676
45.85 82.652
46.68 82.627
47.53 82.601
48.40 82.574
49.28 82.546
50.18 82.517
51.09 82.486
52.02 82.455
52.97 82.421
53.93 82.387
54.91 82.351
55.91 82.313
56.93 82.274
57.97 82.234
59.02 82.192
60.09 82.148
61.19 82.102
62.30 82.054
63.44 82.005
64.59 81.954
65.77 81.900
66.96 81.845
68.18 81.788
69.42 81.728
70.69 81.666
71.97 81.602
73.28 81.536
74.62 81.468
75.97 81.397
77.36 81.323
78.76 81.248
80.20 81.169
81.66 81.089
83.14 81.005
84.66 80.920
86.20 80.831
87.77 80.740
89.36 80.647
90.99 80.551
92.65 80.452
94.33 80.350
96.05 80.246
97.80 80.139
99.58 80.030
101.39 79.919
103.23 79.808
105.11 79.698
107.03 79.591
108.97 79.487
110.96 79.385
112.98 79.282
115.03 79.171
117.13 79.053
119.26 78.929
121.43 78.800
123.64 78.668
125.89 78.535
128.18 78.401
130.51 78.270
132.89 78.142
135.31 78.019
137.77 77.900
140.28 77.782
142.83 77.660
145.43 77.533
148.07 77.404
150.77 77.275
153.51 77.149
156.31 77.025
159.15 76.904
162.05 76.787
165.00 76.673
168.00 76.561
171.06 76.451
174.17 76.342
177.34 76.230
180.57 76.117
183.86 76.006
187.20 75.898
190.61 75.796
194.08 75.697
197.61 75.598
201.21 75.498
204.87 75.400
208.60 75.305
212.39 75.215
216.26 75.128
220.19 75.045
224.20 74.964
228.28 74.884
232.44 74.804
236.67 74.724
240.97 74.648
245.36 74.577
249.82 74.512
254.37 74.453
259.00 74.396
263.71 74.340
268.51 74.285
273.40 74.230
278.38 74.174
283.44 74.120
288.60 74.069
293.85 74.024
299.20 73.980
304.65 73.936
310.19 73.891
315.84 73.846
321.59 73.805
327.44 73.769
333.40 73.736
339.47 73.701
345.64 73.665
351.93 73.629
358.34 73.596
364.86 73.567
371.50 73.542
378.26 73.517
385.15 73.492
392.16 73.471
399.29 73.460
406.56 73.461
413.96 73.475
421.49 73.498
429.16 73.530
436.97 73.568
444.93 73.607
453.02 73.647
461.27 73.687
469.66 73.729
478.21 73.771
486.91 73.811
495.78 73.846
504.80 73.873
513.99 73.894
523.34 73.914
532.87 73.936
542.56 73.960
552.44 73.988
562.49 74.020
572.73 74.055
583.15 74.092
593.77 74.129
604.57 74.165
615.57 74.199
626.78 74.231
638.18 74.262
649.80 74.298
661.63 74.340
673.67 74.386
685.93 74.431
698.41 74.470
711.12 74.506
724.06 74.540
737.24 74.575
750.66 74.610
764.32 74.642
778.23 74.672
792.39 74.697
806.82 74.718
821.50 74.735
836.45 74.749
851.67 74.762
867.17 74.597
882.96 74.635
899.02 74.674
915.39 74.717
932.05 74.764
949.01 74.815
966.28 74.873
983.87 74.937
1001.77 75.008
1020.00 75.088
1038.57 75.175
1057.47 75.271
1076.71 75.373
1096.31 75.482
1116.26 75.595
1136.58 75.714
1157.26 75.836
1178.32 75.962
1199.77 76.092
1221.60 76.226
1243.84 76.364
1266.47 76.505
1289.52 76.649
1312.99 76.795
1336.89 76.942
1361.22 77.092
1385.99 77.242
1411.22 77.396
1436.90 77.553
1463.05 77.714
1489.68 77.882
1516.79 78.058
1544.40 78.243
1572.50 78.440
1601.12 78.650
1630.26 78.873
1659.93 79.109
1690.14 79.357
1720.90 79.617
1752.22 79.886
1784.11 80.162
1816.58 80.445
1849.64 80.734
1883.30 81.025
1917.58 81.320
1952.48 81.618
1988.01 81.918
2024.19 82.221
2061.03 82.528
2098.54 82.840
2136.73 83.158
2175.62 83.482
2215.22 83.811
2255.53 84.142
2296.58 84.472
2338.38 84.794
2380.94 85.105
2424.27 85.398
2468.39 85.667
2513.31 85.910
2559.05 86.121
2605.63 86.298
2653.05 86.442
2701.33 86.552
2750.50 86.631
2800.55 86.683
2851.52 86.710
2903.42 86.713
2956.26 86.695
3010.06 86.656
3064.85 86.596
3120.62 86.515
3177.42 86.415
3235.25 86.294
3294.13 86.154
3354.08 85.998
3415.12 85.828
3477.27 85.648
3540.56 85.458
3605.00 85.262
3670.60 85.060
3737.41 84.854
3805.43 84.645
3874.68 84.434
3945.20 84.222
4017.00 84.008
4090.11 83.795
4164.55 83.582
4240.34 83.370
4317.51 83.160
4396.09 82.954
4476.10 82.754
4557.56 82.560
4640.50 82.376
4724.96 82.201
4810.95 82.037
4898.51 81.886
4987.66 81.746
5078.43 81.619
5170.86 81.503
5264.97 81.397
5360.79 81.298
5458.35 81.206
5557.69 81.119
5658.84 81.037
5761.82 80.961
5866.69 80.891
5973.46 80.826
6082.17 80.768
6192.87 80.718
6305.57 80.674
6420.33 80.636
6537.18 80.604
6656.15 80.576
6777.29 80.551
6900.63 80.530
7026.22 80.510
7154.10 80.489
7284.30 80.466
7416.87 80.436
7551.85 80.397
7689.29 80.345
7829.23 80.277
7971.72 80.190
8116.80 80.082
8264.53 79.953
8414.94 79.806
8568.09 79.643
8724.02 79.470
8882.79 79.288
9044.46 79.102
9209.06 78.915
9376.66 78.726
9547.31 78.535
9721.07 78.343
9897.99 78.148
10078.13 77.949
10261.55 77.745
10448.30 77.536
10638.45 77.321
10832.07 77.100
11029.21 76.874
11229.94 76.642
11434.32 76.407
11642.41 76.167
11854.30 75.924
12070.04 75.678
12289.71 75.430
12513.38 75.179
12741.12 74.927
12973.00 74.675
13209.10 74.425
13449.50 74.178
13694.28 73.933
13943.51 73.692
14197.27 73.452
14455.66 73.215
14718.74 72.978
14986.62 72.742
15259.37 72.507
15537.08 72.272
15819.85 72.037
16107.76 71.801
16400.92 71.566
16699.41 71.329
17003.33 71.092
17312.78 70.854
17627.86 70.614
17948.68 70.373
18275.34 70.130
18607.94 69.885
18946.60 69.639
19291.42 69.390
19642.52 69.141
20000.00 68.891