20.00 84.785
20.36 84.777
20.73 84.768
21.11 84.759
21.50 84.751
21.89 84.741
22.29 84.730
22.69 84.719
23.10 84.707
23.52 84.694
23.95 84.680
24.39 84.667
24.83 84.651
25.28 84.634
25.74 84.616
26.21 84.599
26.69 84.581
27.18 84.560
27.67 84.539
28.17 84.516
28.69 84.492
29.21 84.468
29.74 84.441
30.28 84.413
30.83 84.384
31.39 84.353
31.97 84.321
32.55 84.287
33.14 84.251
33.74 84.213
34.36 84.174
34.98 84.132
35.62 84.090
36.27 84.044
36.93 83.995
37.60 83.945
38.28 83.894
38.98 83.838
39.69 83.781
40.41 83.722
41.15 83.659
41.90 83.595
42.66 83.527
43.44 83.457
44.23 83.383
45.03 83.307
45.85 83.229
46.68 83.147
47.53 83.064
48.40 82.978
49.28 82.890
50.18 82.800
51.09 82.706
52.02 82.612
52.97 82.516
53.93 82.418
54.91 82.318
55.91 82.217
56.93 82.114
57.97 82.012
59.02 81.906
60.09 81.800
61.19 81.692
62.30 81.582
63.44 81.474
64.59 81.361
65.77 81.247
66.96 81.130
68.18 81.012
69.42 80.889
70.69 80.765
71.97 80.638
73.28 80.507
74.62 80.374
75.97 80.235
77.36 80.093
78.76 79.947
80.20 79.797
81.66 79.642
83.14 79.482
84.66 79.319
86.20 79.149
87.77 78.975
89.36 78.796
90.99 78.612
92.65 78.422
94.33 78.225
96.05 78.024
97.80 77.817
99.58 77.604
101.39 77.386
103.23 77.164
105.11 76.940
107.03 76.718
108.97 76.494
110.96 76.270
112.98 76.044
115.03 75.808
117.13 75.566
119.26 75.318
121.43 75.067
123.64 74.817
125.89 74.572
128.18 74.334
130.51 74.107
132.89 73.895
135.31 73.701
137.77 73.527
140.28 73.369
142.83 73.225
145.43 73.092
148.07 72.975
150.77 72.874
153.51 72.791
156.31 72.724
159.15 72.672
162.05 72.633
165.00 72.604
168.00 72.584
171.06 72.569
174.17 72.557
177.34 72.543
180.57 72.528
183.86 72.512
187.20 72.497
190.61 72.486
194.08 72.473
197.61 72.456
201.21 72.436
204.87 72.412
208.60 72.387
212.39 72.364
216.26 72.339
220.19 72.314
224.20 72.287
228.28 72.259
232.44 72.227
236.67 72.191
240.97 72.155
245.36 72.122
249.82 72.092
254.37 72.066
259.00 72.039
263.71 72.011
268.51 71.982
273.40 71.951
278.38 71.916
283.44 71.883
288.60 71.850
293.85 71.822
299.20 71.795
304.65 71.765
310.19 71.733
315.84 71.700
321.59 71.670
327.44 71.646
333.40 71.622
339.47 71.595
345.64 71.567
351.93 71.538
358.34 71.511
364.86 71.488
371.50 71.468
378.26 71.448
385.15 71.427
392.16 71.411
399.29 71.403
406.56 71.407
413.96 71.424
421.49 71.449
429.16 71.484
436.97 71.524
444.93 71.565
453.02 71.607
461.27 71.648
469.66 71.691
478.21 71.734
486.91 71.775
495.78 71.811
504.80 71.846
513.99 71.860
523.34 71.880
532.87 71.902
542.56 71.927
552.44 71.955
562.49 71.987
572.73 72.022
583.15 72.059
593.77 72.097
604.57 72.132
615.57 72.166
626.78 72.198
638.18 72.228
649.80 72.264
661.63 72.307
673.67 72.352
685.93 72.397
698.41 72.435
711.12 72.472
724.06 72.505
737.24 72.540
750.66 72.575
764.32 72.607
778.23 72.637
792.39 72.661
806.82 72.683
821.50 72.699
836.45 72.713
851.67 72.725
867.17 72.739
882.96 72.754
899.02 72.773
915.39 72.797
932.05 72.825
949.01 72.856
966.28 72.890
983.87 72.925
1001.77 72.967
1020.00 73.017
1038.57 73.075
1057.47 73.142
1076.71 73.217
1096.31 73.299
1116.26 73.382
1136.58 73.468
1157.26 73.555
1178.32 73.643
1199.77 73.731
1221.60 73.824
1243.84 73.921
1266.47 74.026
1289.52 74.135
1312.99 74.245
1336.89 74.354
1361.22 74.459
1385.99 74.565
1411.22 74.670
1436.90 74.776
1463.05 74.886
1489.68 75.000
1516.79 75.120
1544.40 75.251
1572.50 75.396
1601.12 75.557
1630.26 75.734
1659.93 75.928
1690.14 76.138
1720.90 76.359
1752.22 76.590
1784.11 76.828
1816.58 77.073
1849.64 77.322
1883.30 77.577
1917.58 77.833
1952.48 78.091
1988.01 78.350
2024.19 78.613
2061.03 78.881
2098.54 79.157
2136.73 79.450
2175.62 79.763
2215.22 80.097
2255.53 80.449
2296.58 80.812
2338.38 81.178
2380.94 81.533
2424.27 81.867
2468.39 82.166
2513.31 82.419
2559.05 82.622
2605.63 82.772
2653.05 82.876
2701.33 82.941
2750.50 82.977
2800.55 82.995
2851.52 83.001
2903.42 83.003
2956.26 82.999
3010.06 82.993
3064.85 82.981
3120.62 82.960
3177.42 82.927
3235.25 82.880
3294.13 82.820
3354.08 82.749
3415.12 82.668
3477.27 82.583
3540.56 82.494
3605.00 82.406
3670.60 82.317
3737.41 82.226
3805.43 82.135
3874.68 82.042
3945.20 81.947
4017.00 81.851
4090.11 81.754
4164.55 81.655
4240.34 81.554
4317.51 81.452
4396.09 81.349
4476.10 81.246
4557.56 81.145
4640.50 81.052
4724.96 80.966
4810.95 80.892
4898.51 80.831
4987.66 80.784
5078.43 80.747
5170.86 80.720
5264.97 80.697
5360.79 80.677
5458.35 80.657
5557.69 80.636
5658.84 80.616
5761.82 80.598
5866.69 80.583
5973.46 80.574
6082.17 80.572
6192.87 80.576
6305.57 80.584
6420.33 80.595
6537.18 80.605
6656.15 80.615
6777.29 80.626
6900.63 80.637
7026.22 80.652
7154.10 80.667
7284.30 80.685
7416.87 80.702
7551.85 80.714
7689.29 80.716
7829.23 80.696
7971.72 80.644
8116.80 80.555
8264.53 80.432
8414.94 80.285
8568.09 80.118
8724.02 79.943
8882.79 79.766
9044.46 79.593
9209.06 79.424
9376.66 79.258
9547.31 79.094
9721.07 78.929
9897.99 78.759
10078.13 78.583
10261.55 78.397
10448.30 78.201
10638.45 77.994
10832.07 77.777
11029.21 77.556
11229.94 77.331
11434.32 77.102
11642.41 76.871
11854.30 76.637
12070.04 76.400
12289.71 76.157
12513.38 75.908
12741.12 75.657
12973.00 75.407
13209.10 75.162
13449.50 74.922
13694.28 74.687
13943.51 74.454
14197.27 74.223
14455.66 73.992
14718.74 73.763
14986.62 73.531
15259.37 73.299
15537.08 73.067
15819.85 72.833
16107.76 72.601
16400.92 72.367
16699.41 72.134
17003.33 71.901
17312.78 71.668
17627.86 71.435
17948.68 71.200
18275.34 70.963
18607.94 70.722
18946.60 70.474
19291.42 70.219
19642.52 69.959
20000.00 69.695