20.00 82.982
20.36 82.975
20.73 82.969
21.11 82.962
21.50 82.957
21.89 82.951
22.29 82.943
22.69 82.936
23.10 82.928
23.52 82.921
23.95 82.912
24.39 82.905
24.83 82.896
25.28 82.887
25.74 82.876
26.21 82.867
26.69 82.857
27.18 82.847
27.67 82.835
28.17 82.823
28.69 82.810
29.21 82.798
29.74 82.784
30.28 82.770
30.83 82.755
31.39 82.739
31.97 82.723
32.55 82.706
33.14 82.688
33.74 82.669
34.36 82.649
34.98 82.628
35.62 82.607
36.27 82.584
36.93 82.559
37.60 82.534
38.28 82.508
38.98 82.480
39.69 82.452
40.41 82.421
41.15 82.390
41.90 82.356
42.66 82.321
43.44 82.285
44.23 82.246
45.03 82.206
45.85 82.163
46.68 82.119
47.53 82.072
48.40 82.024
49.28 81.974
50.18 81.922
51.09 81.865
52.02 81.808
52.97 81.747
53.93 81.684
54.91 81.618
55.91 81.549
56.93 81.477
57.97 81.404
59.02 81.325
60.09 81.245
61.19 81.161
62.30 81.073
63.44 80.986
64.59 80.893
65.77 80.797
66.96 80.699
68.18 80.599
69.42 80.495
70.69 80.390
71.97 80.282
73.28 80.171
74.62 80.060
75.97 79.946
77.36 79.830
78.76 79.712
80.20 79.593
81.66 79.473
83.14 79.350
84.66 79.228
86.20 79.103
87.77 78.978
89.36 78.852
90.99 78.725
92.65 78.596
94.33 78.466
96.05 78.336
97.80 78.205
99.58 78.074
101.39 77.942
103.23 77.812
105.11 77.684
107.03 77.562
108.97 77.443
110.96 77.329
112.98 77.215
115.03 77.094
117.13 76.968
119.26 76.837
121.43 76.701
123.64 76.565
125.89 76.428
128.18 76.291
130.51 76.158
132.89 76.029
135.31 75.905
137.77 75.786
140.28 75.669
142.83 75.549
145.43 75.423
148.07 75.297
150.77 75.170
153.51 75.047
156.31 74.926
159.15 74.809
162.05 74.696
165.00 74.585
168.00 74.477
171.06 74.372
174.17 74.265
177.34 74.158
180.57 74.049
183.86 73.942
187.20 73.837
190.61 73.740
194.08 73.644
197.61 73.548
201.21 73.452
204.87 73.357
208.60 73.265
212.39 73.178
216.26 73.094
220.19 73.013
224.20 72.934
228.28 72.857
232.44 72.780
236.67 72.702
240.97 72.626
245.36 72.557
249.82 72.494
254.37 72.437
259.00 72.380
263.71 72.326
268.51 72.272
273.40 72.217
278.38 72.162
283.44 72.109
288.60 72.058
293.85 72.013
299.20 71.970
304.65 71.926
310.19 71.881
315.84 71.835
321.59 71.794
327.44 71.759
333.40 71.725
339.47 71.690
345.64 71.653
351.93 71.617
358.34 71.583
364.86 71.554
371.50 71.528
378.26 71.502
385.15 71.476
392.16 71.456
399.29 71.444
406.56 71.444
413.96 71.457
421.49 71.479
429.16 71.511
436.97 71.548
444.93 71.586
453.02 71.626
461.27 71.664
469.66 71.705
478.21 71.747
486.91 71.786
495.78 71.821
504.80 71.846
513.99 71.867
523.34 71.887
532.87 71.907
542.56 71.931
552.44 71.959
562.49 71.990
572.73 72.024
583.15 72.060
593.77 72.097
604.57 72.132
615.57 72.166
626.78 72.197
638.18 72.228
649.80 72.263
661.63 72.306
673.67 72.351
685.93 72.395
698.41 72.434
711.12 72.470
724.06 72.504
737.24 72.538
750.66 72.573
764.32 72.605
778.23 72.635
792.39 72.659
806.82 72.680
821.50 72.697
836.45 72.711
851.67 72.723
867.17 72.736
882.96 72.752
899.02 72.771
915.39 72.795
932.05 72.823
949.01 72.855
966.28 72.888
983.87 72.923
1001.77 72.965
1020.00 73.015
1038.57 73.074
1057.47 73.141
1076.71 73.216
1096.31 73.298
1116.26 73.381
1136.58 73.467
1157.26 73.553
1178.32 73.642
1199.77 73.730
1221.60 73.823
1243.84 73.920
1266.47 74.025
1289.52 74.134
1312.99 74.244
1336.89 74.353
1361.22 74.459
1385.99 74.565
1411.22 74.670
1436.90 74.776
1463.05 74.886
1489.68 75.000
1516.79 75.120
1544.40 75.251
1572.50 75.396
1601.12 75.557
1630.26 75.734
1659.93 75.928
1690.14 76.139
1720.90 76.360
1752.22 76.591
1784.11 76.829
1816.58 77.074
1849.64 77.323
1883.30 77.578
1917.58 77.834
1952.48 78.092
1988.01 78.351
2024.19 78.614
2061.03 78.882
2098.54 79.158
2136.73 79.451
2175.62 79.764
2215.22 80.098
2255.53 80.450
2296.58 80.813
2338.38 81.179
2380.94 81.534
2424.27 81.868
2468.39 82.167
2513.31 82.421
2559.05 82.624
2605.63 82.774
2653.05 82.878
2701.33 82.943
2750.50 82.979
2800.55 82.997
2851.52 83.003
2903.42 83.005
2956.26 83.001
3010.06 82.995
3064.85 82.983
3120.62 82.962
3177.42 82.929
3235.25 82.882
3294.13 82.822
3354.08 82.751
3415.12 82.670
3477.27 82.585
3540.56 82.496
3605.00 82.408
3670.60 82.319
3737.41 82.228
3805.43 82.137
3874.68 82.044
3945.20 81.949
4017.00 81.853
4090.11 81.756
4164.55 81.657
4240.34 81.556
4317.51 81.454
4396.09 81.351
4476.10 81.248
4557.56 81.147
4640.50 81.054
4724.96 80.968
4810.95 80.894
4898.51 80.833
4987.66 80.786
5078.43 80.749
5170.86 80.722
5264.97 80.699
5360.79 80.679
5458.35 80.659
5557.69 80.638
5658.84 80.618
5761.82 80.600
5866.69 80.585
5973.46 80.576
6082.17 80.574
6192.87 80.578
6305.57 80.586
6420.33 80.597
6537.18 80.607
6656.15 80.617
6777.29 80.628
6900.63 80.639
7026.22 80.654
7154.10 80.669
7284.30 80.687
7416.87 80.704
7551.85 80.716
7689.29 80.718
7829.23 80.698
7971.72 80.646
8116.80 80.557
8264.53 80.434
8414.94 80.287
8568.09 80.120
8724.02 79.945
8882.79 79.768
9044.46 79.595
9209.06 79.426
9376.66 79.260
9547.31 79.096
9721.07 78.931
9897.99 78.761
10078.13 78.585
10261.55 78.399
10448.30 78.203
10638.45 77.996
10832.07 77.779
11029.21 77.558
11229.94 77.333
11434.32 77.104
11642.41 76.873
11854.30 76.639
12070.04 76.402
12289.71 76.159
12513.38 75.910
12741.12 75.659
12973.00 75.409
13209.10 75.164
13449.50 74.924
13694.28 74.689
13943.51 74.456
14197.27 74.225
14455.66 73.994
14718.74 73.765
14986.62 73.533
15259.37 73.301
15537.08 73.069
15819.85 72.835
16107.76 72.603
16400.92 72.369
16699.41 72.136
17003.33 71.903
17312.78 71.670
17627.86 71.437
17948.68 71.202
18275.34 70.965
18607.94 70.724
18946.60 70.476
19291.42 70.221
19642.52 69.961
20000.00 69.695