20.00 77.103
20.36 77.093
20.73 77.083
21.11 77.073
21.50 77.062
21.89 77.051
22.29 77.039
22.69 77.026
23.10 77.013
23.52 76.999
23.95 76.985
24.39 76.971
24.83 76.957
25.28 76.943
25.74 76.930
26.21 76.917
26.69 76.906
27.18 76.895
27.67 76.884
28.17 76.875
28.69 76.867
29.21 76.859
29.74 76.852
30.28 76.845
30.83 76.839
31.39 76.834
31.97 76.829
32.55 76.824
33.14 76.819
33.74 76.815
34.36 76.811
34.98 76.807
35.62 76.803
36.27 76.799
36.93 76.795
37.60 76.791
38.28 76.787
38.98 76.783
39.69 76.779
40.41 76.774
41.15 76.770
41.90 76.765
42.66 76.759
43.44 76.753
44.23 76.747
45.03 76.740
45.85 76.731
46.68 76.722
47.53 76.711
48.40 76.698
49.28 76.684
50.18 76.667
51.09 76.649
52.02 76.628
52.97 76.604
53.93 76.579
54.91 76.551
55.91 76.521
56.93 76.489
57.97 76.455
59.02 76.420
60.09 76.385
61.19 76.349
62.30 76.312
63.44 76.277
64.59 76.242
65.77 76.208
66.96 76.176
68.18 76.146
69.42 76.118
70.69 76.091
71.97 76.067
73.28 76.044
74.62 76.023
75.97 76.004
77.36 75.986
78.76 75.969
80.20 75.952
81.66 75.935
83.14 75.918
84.66 75.900
86.20 75.881
87.77 75.861
89.36 75.839
90.99 75.816
92.65 75.790
94.33 75.763
96.05 75.733
97.80 75.702
99.58 75.668
101.39 75.633
103.23 75.597
105.11 75.559
107.03 75.520
108.97 75.481
110.96 75.442
112.98 75.404
115.03 75.366
117.13 75.329
119.26 75.294
121.43 75.260
123.64 75.228
125.89 75.198
128.18 75.170
130.51 75.143
132.89 75.118
135.31 75.093
137.77 75.069
140.28 75.045
142.83 75.020
145.43 74.993
148.07 74.965
150.77 74.934
153.51 74.901
156.31 74.863
159.15 74.822
162.05 74.777
165.00 74.728
168.00 74.674
171.06 74.616
174.17 74.555
177.34 74.490
180.57 74.423
183.86 74.355
187.20 74.286
190.61 74.219
194.08 74.153
197.61 74.091
201.21 74.033
204.87 73.981
208.60 73.934
212.39 73.894
216.26 73.860
220.19 73.832
224.20 73.810
228.28 73.793
232.44 73.782
236.67 73.775
240.97 73.772
245.36 73.772
249.82 73.776
254.37 73.784
259.00 73.794
263.71 73.806
268.51 73.822
273.40 73.840
278.38 73.860
283.44 73.883
288.60 73.906
293.85 73.931
299.20 73.957
304.65 73.982
310.19 74.007
315.84 74.030
321.59 74.051
327.44 74.071
333.40 74.088
339.47 74.102
345.64 74.115
351.93 74.125
358.34 74.134
364.86 74.141
371.50 74.148
378.26 74.153
385.15 74.157
392.16 74.162
399.29 74.165
406.56 74.169
413.96 74.173
421.49 74.176
429.16 74.179
436.97 74.183
444.93 74.187
453.02 74.191
461.27 74.195
469.66 74.201
478.21 74.208
486.91 74.216
495.78 74.226
504.80 74.239
513.99 74.254
523.34 74.273
532.87 74.294
542.56 74.320
552.44 74.348
562.49 74.380
572.73 74.414
583.15 74.451
593.77 74.489
604.57 74.528
615.57 74.568
626.78 74.607
638.18 74.646
649.80 74.683
661.63 74.717
673.67 74.749
685.93 74.777
698.41 74.802
711.12 74.823
724.06 74.841
737.24 74.855
750.66 74.867
764.32 74.877
778.23 74.885
792.39 74.891
806.82 74.896
821.50 74.901
836.45 74.906
851.67 74.910
867.17 74.914
882.96 74.919
899.02 74.925
915.39 74.891
932.05 74.907
949.01 74.926
966.28 74.948
983.87 74.974
1001.77 75.002
1020.00 75.026
1038.57 75.055
1057.47 75.088
1076.71 75.126
1096.31 75.169
1116.26 75.218
1136.58 75.272
1157.26 75.332
1178.32 75.400
1199.77 75.475
1221.60 75.559
1243.84 75.652
1266.47 75.754
1289.52 75.866
1312.99 75.987
1336.89 76.116
1361.22 76.253
1385.99 76.396
1411.22 76.546
1436.90 76.700
1463.05 76.859
1489.68 77.021
1516.79 77.187
1544.40 77.357
1572.50 77.530
1601.12 77.707
1630.26 77.887
1659.93 78.071
1690.14 78.257
1720.90 78.446
1752.22 78.636
1784.11 78.829
1816.58 79.024
1849.64 79.220
1883.30 79.419
1917.58 79.620
1952.48 79.823
1988.01 80.029
2024.19 80.237
2061.03 80.447
2098.54 80.658
2136.73 80.869
2175.62 81.077
2215.22 81.282
2255.53 81.481
2296.58 81.673
2338.38 81.857
2380.94 82.030
2424.27 82.193
2468.39 82.344
2513.31 82.483
2559.05 82.609
2605.63 82.724
2653.05 82.826
2701.33 82.915
2750.50 82.993
2800.55 83.059
2851.52 83.112
2903.42 83.154
2956.26 83.182
3010.06 83.198
3064.85 83.198
3120.62 83.184
3177.42 83.153
3235.25 83.106
3294.13 83.041
3354.08 82.959
3415.12 82.861
3477.27 82.749
3540.56 82.623
3605.00 82.487
3670.60 82.343
3737.41 82.194
3805.43 82.041
3874.68 81.887
3945.20 81.732
4017.00 81.578
4090.11 81.422
4164.55 81.266
4240.34 81.107
4317.51 80.944
4396.09 80.776
4476.10 80.603
4557.56 80.423
4640.50 80.237
4724.96 80.044
4810.95 79.846
4898.51 79.644
4987.66 79.439
5078.43 79.232
5170.86 79.025
5264.97 78.819
5360.79 78.616
5458.35 78.416
5557.69 78.220
5658.84 78.029
5761.82 77.843
5866.69 77.660
5973.46 77.482
6082.17 77.306
6192.87 77.133
6305.57 76.961
6420.33 76.791
6537.18 76.620
6656.15 76.451
6777.29 76.282
6900.63 76.114
7026.22 75.951
7154.10 75.793
7284.30 75.644
7416.87 75.508
7551.85 75.388
7689.29 75.287
7829.23 75.208
7971.72 75.154
8116.80 75.124
8264.53 75.117
8414.94 75.131
8568.09 75.160
8724.02 75.198
8882.79 75.237
9044.46 75.268
9209.06 75.282
9376.66 75.270
9547.31 75.221
9721.07 75.129
9897.99 74.985
10078.13 74.787
10261.55 74.530
10448.30 74.217
10638.45 73.851
10832.07 73.438
11029.21 72.988
11229.94 72.513
11434.32 72.025
11642.41 71.538
11854.30 71.065
12070.04 70.618
12289.71 70.205
12513.38 69.833
12741.12 69.503
12973.00 69.214
13209.10 68.963
13449.50 68.744
13694.28 68.548
13943.51 68.369
14197.27 68.200
14455.66 68.034
14718.74 67.867
14986.62 67.694
15259.37 67.511
15537.08 67.312
15819.85 67.090
16107.76 66.834
16400.92 66.527
16699.41 66.147
17003.33 65.661
17312.78 65.026
17627.86 64.186
17948.68 63.076
18275.34 61.615
18607.94 59.722
18946.60 57.322
19291.42 54.366
19642.52 50.866
20000.00 46.930